1434, 582
-387, 1408
-1392, -181
50, -1385
1506, -338
619, 1273
-1177, 1116
-1237, -615
327, -1453
1503, -301
866, 1201
-796, 1353
-1518, 21
-586, -1276
1088, -1040
1366, 511
-204, 1456
-1509, 318
-621, -1244
1246, -853
1017, 1020
-937, 1160
-1274, -640
594, -1262
1430, 320
-164, 1440
-1504, 141
-196, -1383
1377, -440
447, 1362
-1224, 810
-812, -1013
1035, -1053
1217, 785
-708, 1335
-1364, -364
346, -1355
1470, 117
74, 1542
-1540, 362
-398, -1356
1328, -711
824, 1161
-1176, 1103
-1239, -715
725, -1427
1506, 83
275, 1435
-1433, 809
-1201, -783
365, -1433
1529, -411
1045, 1115
-610, 1377
-1442, -24
-299, -1299
1211, -815
1182, 767
-660, 1295
-1403, -277
236, -1379
1485, -165
170, 1473
-1315, 641
-627, -1184
1138, -920
1305, 743
-354, 1418
-1521, 214
-685, -1229
889, -1161
1608, 149
439, 1381
-1091, 955
-1350, -498
30, -1455
1351, -728
1203, 742
-205, 1437
-1540, 498
-1020, -940
549, -1342
1553, -181
733, 1281
-887, 1225
-1385, -258
-36, -1393
1523, -522
711, 1096
-1105, 1015
-1251, -814
848, -1252
1346, 438
-383, 1333
-1503, 78
-350, -1316
1379, -680
1106, 969
-724, 1298
-1624, 26
-557, -1208
958, -1143
1483, 265
299, 1411
-1202, 990
-1309, -584
-9, -1438
1335, -714
1328, 821
-272, 1358
-1483, 433
-997, -1130
652, -1328
1531, -119
720, 1227
-881, 1275
-1611, -141
-393, -1381
1146, -1077
1333, 499
113, 1478
-1376, 795
-1264, -725
239, -1384
1535, -419
835, 1185
-890, 1205
-1398, -409
147, -1380
1524, -192
279, 1374
-1399, 611
-641, -1129
1175, -798
1061, 937
-920, 1167
-1364, -577
591, -1365
1457, 320
-163, 1391
-1444, 117
-158, -1346
1465, -502
587, 1309
-1301, 874
-923, -1055
1002, -984
1268, 771
-634, 1349
-1360, -348
268, -1429
1548, -20
161, 1410
-1439, 457
-562, -1215
1375, -755
898, 1060
-1113, 1184
-1199, -789
764, -1327
1407, 454
-330, 1410
-1430, -11
-80, -1363
1451, -375
646, 1282
-1147, 1050
-1248, -664
241, -1372
1469, -451
983, 1109
-597, 1354
-1424, 193
-612, -1185
931, -1259
1455, 148
359, 1404
-1231, 1129
-1396, -466
-24, -1346
1348, -717
1279, 870
-238, 1489
-1400, 533
-1100, -972
501, -1444
1578, -208
855, 1233
-747, 1240
-1430, -69
-525, -1341
1103, -989
1510, 376
170, 1452
-1116, 945
-1240, -595
162, -1416
1489, -597
1096, 970
-450, 1403
-1529, 367
-833, -1113
743, -1274
1507, 101
478, 1295
-1169, 883
-1339, -696
493, -1339
1551, 136
131, 1442
-1457, 453
-508, -1311
1299, -756
937, 1047
-1038, 1089
-1141, -721
776, -1187
1358, 402
-324, 1418
-1468, 9
-63, -1436
1617, -312
423, 1365
-1335, 723
-906, -1139
858, -1130
1353, 603
-188, 1391
-1496, 419
-921, -1042
735, -1235
1619, -32
554, 1367
-1030, 1104
-1448, -413
-106, -1397
1480, -575
941, 1155
-915, 1193
-1373, -620
584, -1212
1476, 243
-71, 1432
-1622, 234
-326, -1292
1494, -554
691, 1253
-1228, 816
-1005, -1000
935, -1086
1288, 756
-659, 1321
-1453, -356
225, -1509
1466, 5
146, 1445
-1540, 473
-504, -1247
1280, -720
894, 1073
-1055, 1055
-1178, -699
653, -1275
1461, 326
-196, 1445
-1517, 267
-519, -1341
1179, -1026
1278, 569
-82, 1524
-1384, 638
-1036, -950
433, -1364
1518, -315
954, 1178
-788, 1337
-1529, 87
-584, -1266
936, -1180
1534, 268
236, 1304
-1172, 1001
-1218, -618
90, -1439
1428, -631
1270, 847
-231, 1441
-1497, 421
-1033, -972
697, -1312
1576, -57
750, 1311
-898, 1295
-1474, -174
-389, -1377
1232, -1007
1544, 554
76, 1477
-1265, 815
-1122, -747
354, -1316
1439, -534
962, 1054
-587, 1330
-1510, 108
-758, -1207
891, -1229
1526, 108
382, 1410
-1078, 1021
-1474, -441
-37, -1403
1409, -763
1294, 827
-250, 1488
-1489, 442
-655, -1216
1118, -990
1271, 733
-552, 1279
-1431, -328
187, -1376
1508, -91
213, 1428
-1549, 651
-602, -1244
1245, -822
991, 1029
-1071, 1128
-1223, -727
729, -1295
1390, 447
-346, 1441
-1420, 20
-47, -1364
1435, -279
613, 1353
-1232, 781
-838, -1028
1066, -1014
1194, 850
-721, 1290
-1346, -394
355, -1331
1423, 3
315, 1362
-1383, 686
-1160, -934
621, -1278
1594, 24
570, 1266
-968, 1185
-1545, -193
-263, -1434
1298, -969
1259, 707
34, 1510
-1362, 698
-1069, -812
466, -1419
1569, -360
920, 1173
-599, 1414
-1641, 164
-550, -1232
1141, -1050
1359, 616
-254, 1349
-1466, 110
-378, -1391
1324, -598
719, 1249
-1131, 1003
-1088, -909
897, -1264
1481, 388
-110, 1489
-1359, 515
-884, -1191
779, -1267
1554, 117
552, 1284
-1081, 1043
-1358, -372
-66, -1437
1381, -819
1375, 728
-151, 1486
-1447, 491
-1094, -898
446, -1390
1581, -192
764, 1194
-814, 1259
-1486, 31
-548, -1299
1084, -1110
1442, 418
242, 1435
-1269, 918
-1343, -650
245, -1471
1428, -505
1091, 990
-465, 1457
-1517, 380
-853, -1185
832, -1288
1570, 139
558, 1424
-1106, 1158
-1544, -346
-279, -1406
1322, -1011
1395, 617
-96, 1476
-1369, 599
-1055, -834
522, -1322
1512, -365
886, 1160
-725, 1250
-1491, -68
-519, -1309
1210, -1120
1372, 634
-132, 1549
-1492, 349
-553, -1306
1309, -655
1076, 1021
-1061, 1125
-1255, -711
697, -1274
1404, 296
-320, 1409
-1467, 17
-111, -1415
1451, -369
507, 1352
-1251, 796
-924, -1198
969, -1135
1154, 854
-753, 1310
-1459, -410
316, -1416
1524, 64
90, 1404
-1372, 295
-425, -1298
1358, -621
731, 1231
-1111, 912
-1037, -881
768, -1253
1341, 425
-424, 1381
-1432, -120
108, -1404
1473, -149
337, 1388
-1395, 565
-685, -1199
1227, -873
1053, 967
-887, 1218
-1254, -586
626, -1286
1498, 291
-35, 1426
-1503, 114
-248, -1404
1394, -479
770, 1311
-1097, 1096
-1171, -649
365, -1381
1541, -353
838, 1106
-904, 1210
-1498, -91
-485, -1311
1147, -1071
1473, 447
11, 1365
-1377, 862
-1265, -676
183, -1477
1440, -541
1093, 1046
-475, 1452
-1500, 361
-769, -1101
877, -1132
1534, 250
150, 1395
-1399, 587
-859, -1169
1113, -1083
1237, 800
-679, 1287
-1421, -412
321, -1373
1482, 29
56, 1413
-1439, 359
-440, -1239
1322, -657
934, 1164
-1155, 1061
-1055, -854
836, -1290
1379, 455
-339, 1409
-1546, 216
-351, -1205
1244, -828
1269, 675
-367, 1455
-1471, 509
-967, -1133
676, -1329
1494, -53
712, 1296
-839, 1284
-1551, -120
-437, -1294
1051, -974
1358, 480
16, 1502
-1288, 860
-1218, -713
339, -1452
1391, -416
867, 1131
-865, 1128
-1409, -442
270, -1409
1509, -87
360, 1323
-1332, 589
-730, -1159
1234, -894
1089, 976
-915, 1117
-1279, -560
552, -1310
1449, 174
-66, 1408
-1466, 179
-404, -1289
1433, -557
685, 1247
-1166, 938
-1013, -929
986, -1091
1261, 737
-696, 1309
-1463, -270
219, -1431
1470, -47
179, 1400
-1506, 484
-582, -1262
1255, -805
962, 1089
-946, 1177
-1114, -704
724, -1221
1334, 366
-281, 1367
-1434, 38
-123, -1384
1356, -452
697, 1225
-1038, 1118
-1363, -634
90, -1375
1558, -388
973, 1019
-529, 1311
-1529, 218
-707, -1248
969, -1154
1486, 344
-13, 1364
-1438, 599
-773, -1068
1097, -1024
1127, 877
-714, 1282
-1407, -395
353, -1300
1540, -60
287, 1376
-1315, 733
-1105, -961
609, -1295
1554, -41
520, 1404
-1097, 1234
-1417, -223
-210, -1395
1267, -947
1339, 620
-40, 1433
-1394, 661
-1184, -868
315, -1462
1535, -379
1012, 1016
-642, 1373
-1561, 134
-713, -1195
983, -1201
1543, 174
364, 1354
-1298, 1037
-1448, -421
-43, -1459
1335, -741
1230, 758
-314, 1463
-1502, 519
-840, -1105
958, -1111
1402, 486
-210, 1445
-1570, 144
-327, -1411
1433, -584
621, 1195
-1248, 1009
-1059, -840
831, -1302
1481, 332
56, 1491
-1396, 721
-1155, -909
503, -1425
1524, -292
807, 1146
-810, 1312
-1583, 25
-571, -1309
1024, -1136
1471, 349
200, 1379
-1240, 942
-1352, -654
117, -1473
1401, -612
1152, 900
-362, 1476
-1494, 388
-935, -1006
670, -1379
1567, -42
606, 1281
-909, 1209
-1506, -212
-346, -1387
1170, -915
1224, 640
-213, 1389
-1498, 339
-743, -1243
1157, -939
1189, 826
-817, 1290
-1392, -448
508, -1341
1495, 51
140, 1413
-1338, 453
-763, -1140
990, -1193
1485, 236
137, 1455
-1290, 815
-1328, -716
164, -1436
1498, -527
1031, 1074
-716, 1333
-1521, -107
-180, -1300
1429, -514
806, 1191
-1138, 998
-1099, -870
838, -1259
1437, 572
-389, 1395
-1502, 51
-359, -1402
1350, -829
1275, 790
-409, 1386
-1502, 362
-834, -1078
744, -1277
1496, 109
451, 1326
-1185, 1046
-1231, -626
450, -1456
1544, 78
240, 1344
-1419, 516
-588, -1239
1228, -809
922, 929
-1038, 1126
-1227, -690
714, -1295
1360, 456
-315, 1403
-1475, 30
-105, -1305
1415, -378
466, 1248
-1329, 803
-919, -959
896, -1211
1298, 476
-284, 1552
-1521, 485
-979, -1015
693, -1267
1547, -25
682, 1304
-1005, 1111
-1579, -356
-136, -1403
1453, -657
883, 1036
-890, 1222
-1287, -476
455, -1328
1394, 206
-47, 1419
-1423, 190
-458, -1331
1256, -685
1090, 951
-749, 1364
-1493, -53
-412, -1339
1209, -1044
1460, 546
85, 1459
-1291, 825
-1236, -750
220, -1456
1513, -491
1061, 1053
-475, 1364
-1514, 336
-802, -1181
743, -1343
1548, 89
509, 1420
-1089, 1064
-1287, -546
369, -1429
1416, -192
438, 1349
-1312, 793
-904, -1031
1061, -1067
1176, 779
-807, 1323
-1390, -360
369, -1363
1530, 48
72, 1411
-1392, 375
-404, -1289
1328, -727
883, 1047
-1092, 1034
-1172, -765
716, -1328
1529, 382
-26, 1441
-1458, 572
-961, -1118
684, -1323
1467, 37
564, 1430
-1086, 1125
-1500, -330
-168, -1383
1250, -878
1259, 635
-71, 1437
-1456, 661
-1175, -880
387, -1411
1518, -345
931, 1164
-771, 1292
-1462, -166
-305, -1296
1236, -880
1141, 878
-630, 1306
-1428, -276
155, -1344
1526, -58
156, 1375
-1429, 523
-649, -1219
1183, -915
1213, 806
-449, 1465
-1527, 229
-683, -1182
964, -1125
1463, 400
350, 1545
-1128, 937
-1410, -514
17, -1477
1378, -656
1079, 844
-449, 1488
-1554, 438
-883, -1080
668, -1337
1596, -67
601, 1305
-1151, 1201
-1380, -389
68, -1428
1461, -394
618, 1310
-1196, 953
-1028, -807
855, -1147
1318, 626
-535, 1387
-1449, -121
-122, -1383
1382, -597
925, 1076
-798, 1378
-1558, 66
-381, -1422
1218, -1002
1418, 481
50, 1476
-1294, 763
-1289, -806
313, -1382
1593, -472
883, 1095
-566, 1458
-1474, 210
-804, -1165
831, -1188
1472, 187
381, 1366
-1244, 922
-1196, -870
558, -1337
1480, 135
-46, 1526
-1397, 385
-524, -1248
1305, -655
929, 1134
-1045, 1194
-1406, -656
309, -1513
1525, -181
706, 1214
-1050, 1147
-1428, -365
-175, -1327
1285, -872
1293, 675
-165, 1519
-1490, 356
-785, -1237
1110, -1051
1335, 572
-595, 1447
-1379, -191
26, -1476
1472, -281
381, 1452
-1370, 764
-903, -1003
916, -1224
1524, 331
135, 1412
-1332, 712
-1215, -859
366, -1432
1510, -330
995, 988
-617, 1386
-1627, 127
-709, -1288
1059, -1183
1494, 200
309, 1396
-1194, 1038
-1365, -543
-107, -1451
1376, -713
1135, 943
-519, 1431
-1499, 105
-358, -1335
1228, -672
918, 1109
-1015, 1135
-1159, -827
764, -1236
1376, 456
-362, 1367
-1488, -124
-17, -1426
1542, -246
413, 1329
-1349, 654
-827, -1126
1196, -934
1115, 900
-829, 1226
-1398, -417
266, -1368
1427, -166
635, 1233
-1118, 1125
-1434, -472
39, -1425
1398, -679
1213, 905
-423, 1440
-1535, 352
-750, -1183
965, -1102
1394, 542
-384, 1404
-1402, 60
-194, -1513
1416, -448
556, 1223
-1321, 853
-905, -999
1038, -1019
1176, 712
-779, 1315
-1425, -397
374, -1475
1557, 53
16, 1389
-1434, 309
-466, -1282
1378, -795
1021, 1059
-809, 1337
-1443, -234
-122, -1372
1339, -898
1236, 807
-268, 1459
-1469, 479
-1013, -946
635, -1390
1529, -232
850, 1184
-784, 1223
-1569, -27
-478, -1354
1109, -1131
1519, 428
200, 1408
-1265, 847
-1392, -610
100, -1460
1443, -630
1171, 813
-366, 1417
-1506, 378
-804, -1083
622, -1319
1496, -28
656, 1333
-948, 1144
-1465, -411
132, -1408
1520, -417
654, 1274
-1143, 961
-1145, -834
823, -1241
1325, 584
-460, 1380
-1473, 8
-129, -1449
1432, -573
997, 1062
-643, 1385
-1408, -199
-518, -1342
1119, -1047
1464, 417
121, 1453
-1338, 805
-1132, -821
414, -1394
1581, 23
232, 1386
-1419, 519
-662, -1180
1289, -896
978, 972
-937, 1108
