901, -728
423, -64
22, 332
-25, 204
-42, 86
-404, 8
-621, -92
-521, -182
-292, -246
-149, 121
-122, 176
-94, -24
-165, 155
40, -6
218, -64
335, 91
290, 29
-21, -52
-142, -281
-219, -152
-167, 205
143, 81
224, -190
196, -364
-125, -297
-332, 161
-57, 45
-159, -422
-324, -461
-20, -338
86, -301
-45, 52
57, 203
327, -30
331, -226
175, -105
-1, 464
-234, 652
95, 398
191, 274
106, 113
88, -239
-29, -107
-273, 199
-293, 99
-353, 23
-304, -343
-138, -327
3, 111
-281, 36
-314, -214
330, -188
491, 5
197, 36
-33, 176
-7, 159
41, -58
14, -46
310, 306
538, 492
169, 170
-74, -270
-143, -276
-108, -188
-182, -148
-29, -168
77, -110
-30, 12
131, 9
97, 73
-260, -228
-114, -18
250, 298
75, 2
-45, 38
93, -16
146, -732
253, -473
205, 211
228, 212
652, -32
697, -238
80, -190
-477, -51
-719, 169
-518, -84
-381, -635
-90, -499
290, -137
424, -7
-234, 24
-868, -154
-477, -240
-198, -99
98, 48
534, -144
326, -115
102, 115
183, -25
-394, 39
-441, 62
80, -312
-15, -1065
-13, -514
-203, 348
-93, 500
137, 590
83, 221
-104, -204
-361, 59
-336, 312
183, -21
307, -272
147, -271
35, -179
-243, -256
-142, -234
82, 153
121, 173
352, -389
132, -1054
-175, -569
100, 12
255, -236
38, -369
9, -58
206, 96
291, 176
-94, 284
-369, 51
-204, -191
-188, 142
-301, 12
-289, -3
-110, 383
65, 359
398, 135
668, -228
325, -234
-403, -91
-800, 469
-194, 116
523, -298
553, -201
95, 139
-200, 630
-39, 144
-177, -108
-277, 376
-31, 868
-119, 511
-146, -25
154, -258
-82, -191
-264, -161
106, -148
288, -18
226, -68
268, -60
422, -195
231, -237
-146, -352
-269, -237
-352, 168
-305, 392
-43, 384
-191, 208
-168, 108
-337, -78
-321, -175
-69, 127
166, -113
267, -159
-22, -73
-101, -22
-233, 9
-222, 7
-48, 63
244, -128
274, -182
-48, -91
-47, -258
119, -335
136, -106
360, 177
351, -35
129, 87
112, 77
-100, -127
-129, -176
-192, -152
112, 30
199, 89
180, 24
-130, 56
-266, 498
184, 515
-103, 59
-456, -215
-295, 101
-188, 447
-369, 361
-442, 1
-505, -453
-69, 100
-101, -325
-298, -626
232, 97
270, 417
-381, 498
-451, 135
8, -146
368, 48
331, 363
-45, -150
-360, -702
-168, -311
-52, 164
-41, -75
-82, -463
-247, -124
-319, 253
-239, 107
-52, 114
211, 390
412, 298
192, 228
-200, 281
-240, 76
-31, -32
147, 121
425, 221
524, 131
18, -81
-193, -74
-7, 44
33, 250
-211, 110
-4, -132
306, -168
161, -96
-64, 178
-121, 231
66, 128
34, 109
-10, 65
-31, 407
135, 668
81, 186
-47, -293
-40, -304
60, 134
-130, 366
-466, 191
-267, -161
-72, 1
-149, 179
-304, -41
-81, -286
356, -221
343, -269
138, -160
-264, 71
-388, -83
115, -258
430, -182
117, -168
-202, -33
-14, -201
12, -152
-198, 134
-92, -17
19, 29
-22, 161
-101, 208
45, 386
411, 306
131, -84
-399, -337
-169, -250
75, 204
20, 132
-91, 20
-284, 260
-354, 179
-127, 179
-83, 90
82, 14
289, 78
291, -140
-101, -171
-264, 327
229, 409
451, 12
-40, -244
-558, -546
-248, -125
28, 474
-18, 230
12, -488
134, -555
157, 69
69, 158
-152, -206
-402, -148
-10, -98
-29, -50
54, -134
367, -199
335, 107
413, 343
324, 166
108, 50
145, 23
-14, 76
-96, 36
-99, 172
-163, 320
-178, 266
-216, 144
18, 145
125, 110
7, 211
-98, 36
-20, 10
-31, 76
166, 151
261, 244
-108, 209
-246, -73
-9, -123
148, 203
-174, 448
-189, 386
402, 300
65, -41
5, -141
63, 117
-40, 36
-25, -49
195, 120
293, -179
288, -469
218, -278
104, 63
-74, 450
-113, 362
-265, 187
-202, 335
-197, 54
-234, -327
-178, -222
61, 454
318, 823
206, 128
195, -116
173, -35
-273, -157
-132, -98
154, -105
10, 43
-322, 253
-303, 79
-14, -153
162, 72
331, 140
381, -13
252, -76
163, -53
40, 94
48, 139
-137, 252
-21, -52
210, -174
-64, 92
-201, -334
310, -425
512, 215
73, 115
-208, -361
-95, -234
108, 259
-27, 240
145, -48
210, -84
-386, -121
-370, -351
10, -501
187, -488
380, -245
31, -98
-37, -54
371, -99
455, -242
84, 134
5, 216
193, -18
229, 57
36, 35
-84, -43
-92, -114
-45, -244
-129, -264
-118, -74
217, -36
37, -24
-170, -39
-58, 195
-97, 89
-182, -155
-109, -203
-100, -410
-143, -268
50, 82
573, -184
642, -610
80, -425
-5, 46
78, 83
66, -178
-69, -381
20, -564
-108, -111
47, 235
75, 130
46, 140
107, 458
115, 155
233, -58
289, -233
321, -209
264, 168
34, 253
-74, 183
-16, 113
33, -119
3, -77
-69, -131
18, -157
-91, -101
62, -145
373, -420
190, -306
-174, -424
-171, -477
-71, -189
-209, -217
-392, -236
-170, -99
15, 41
-106, 7
-14, 125
51, 178
73, 82
12, 103
-29, 6
469, -57
615, -151
118, -183
125, -7
136, -241
94, -318
109, 5
-254, 175
-473, -65
-82, -304
23, -335
-19, -378
-144, -144
-98, 7
266, -271
-80, -398
-231, 133
393, 194
543, -88
471, -177
98, -169
-66, -28
72, -65
-17, -135
-226, -191
-125, -79
-50, 33
86, 11
253, 318
86, 170
220, -222
399, -257
179, -457
-164, -259
-436, 79
-138, -95
1, -528
-215, -501
-463, -208
-506, -33
-242, 23
-188, -29
-108, -122
271, -2
-124, 57
-482, 135
-327, 138
-218, -57
-229, -57
-353, -247
-521, -321
-418, 178
-234, 223
-54, -17
-82, -21
-264, 173
69, 145
323, 53
253, -195
247, 1
151, 335
-64, 66
-21, -74
41, -110
-35, -97
-46, -38
-102, 20
-159, -99
-24, -150
203, 186
163, 31
330, -121
567, 165
73, 93
-314, -142
77, 224
167, 303
235, 199
226, 3
-19, 221
-423, 797
-583, 755
-226, 142
-273, -214
-396, 229
-149, 302
-37, -10
89, -117
342, -171
491, -258
365, -145
463, -236
586, -177
163, 39
-280, 365
-174, 188
-99, -134
-116, -114
-36, 193
-4, 251
15, -66
-149, 183
-256, 445
-64, 222
-25, -190
65, -106
160, -206
12, -248
20, -52
156, -166
-71, -228
-463, -445
-514, -295
-101, -80
148, -29
288, -18
428, -83
218, -324
43, -91
-36, 178
53, 62
167, -85
55, 77
-264, 128
-123, 17
477, 353
657, 399
208, 323
-208, 233
-198, -42
22, 201
96, 219
-14, -178
-126, -373
-203, 32
-331, 460
-321, 273
-67, 83
46, 364
133, 1020
-59, 595
-384, -157
-515, -339
-102, -586
337, -1088
523, -1066
403, -143
-6, 243
178, 49
159, -54
-104, 297
-104, 485
150, 318
270, 130
-297, -193
-171, -686
255, -650
216, -59
301, 669
-102, 561
-244, 77
27, 77
67, 95
335, 146
325, 49
188, -77
-270, -50
-224, 67
131, -164
230, -270
293, -350
286, -272
41, 28
289, 119
312, 348
182, 319
469, -318
147, -222
-210, 283
-319, 602
-296, 432
-325, 46
-782, 279
-882, 853
-53, 812
90, 7
-281, -53
-807, 450
-667, 378
-184, 61
-453, 295
-720, 328
-571, -113
-14, -253
148, -232
-508, -12
-685, 334
-212, 39
-252, -502
-441, 70
-244, 345
59, 191
8, 309
-325, 236
-260, 221
244, 70
639, -212
577, -167
210, -194
8, 33
-6, 186
32, 110
-9, 47
65, -246
52, -167
47, 128
143, 18
-218, 91
-509, 57
-249, -120
27, -77
-3, 181
-266, 304
-518, 61
-337, 277
160, 1045
322, 460
-14, 297
-68, 598
90, 121
-277, 30
-183, 206
256, 203
197, -184
35, -592
36, 32
254, 680
147, 214
179, -50
673, 88
153, 231
-307, 197
-99, -108
17, -98
166, 74
-8, 260
-326, 468
-255, 154
-251, -194
-733, -466
-907, -538
-216, -112
101, 203
57, 54
145, -204
42, -282
50, 80
20, 166
11, -138
8, -599
-219, -678
40, -216
65, 223
-359, 354
-361, 146
195, 241
272, 684
-189, 370
-197, -180
-155, -272
-340, 98
-198, 224
145, 219
175, 253
30, 411
72, 601
30, 456
-204, 1
-186, 106
160, 334
174, 180
28, 307
330, 528
487, 645
307, 96
177, -260
-376, -241
-651, 10
-335, 92
-213, -66
-5, -199
48, -188
-90, 196
-196, 313
202, 58
385, 30
94, 47
118, -69
200, -23
162, 95
-94, 221
-325, 114
-30, -214
54, -128
30, 80
133, 154
-125, -172
-127, 19
83, 392
111, 198
51, -42
-153, 473
-306, 483
-248, 115
-224, 249
-49, 231
249, 16
594, 256
425, 281
213, 334
134, 251
-33, -67
-31, -196
-49, -96
-516, -74
-439, -173
-239, -359
-1300, -496
-948, -241
794, -101
665, 169
59, 410
18, 913
46, 499
-80, 44
-38, 4
158, -174
213, 330
34, 644
-161, 391
134, -119
169, -224
-232, -48
-480, -59
-397, -247
-768, 176
-624, 455
-328, 242
-356, 65
1, -108
-139, -157
-229, -118
106, -192
-30, -138
-466, 144
203, 286
385, 72
-66, -58
-277, -115
38, 48
-322, 115
-453, 231
48, 267
-21, 201
491, 481
735, 466
87, -25
-271, -432
-65, -64
-74, 90
-596, 213
-261, 715
30, 490
-31, 30
-306, -152
-26, 101
105, -111
-164, -250
-490, 11
-175, 128
427, -98
332, -233
-62, -223
-23, 156
-253, 323
-96, 423
-169, 592
-17, 552
288, 389
206, 148
-32, -327
-211, -345
208, 583
431, 563
-437, -482
-1006, -389
-326, 237
302, 441
-27, 299
-268, 143
88, -237
-9, 209
18, 766
-91, 50
-314, -238
-102, 152
30, -271
-97, -127
134, 527
247, 523
19, 397
73, 254
103, -88
119, -515
278, -893
925, -285
963, 336
211, 24
-172, -224
35, -297
184, -398
132, -385
418, 248
311, 432
-434, -422
-238, -257
215, 590
4, 232
-42, -299
-65, -319
76, -254
9, -445
-249, -510
-349, 50
-549, 812
-92, 313
229, -435
99, 170
-2, 724
-23, 501
94, 361
138, 248
248, 143
117, 480
-221, 524
-112, 113
-384, -162
-719, -762
-141, -415
148, -456
-213, -831
-458, -425
-651, -363
-419, -342
401, 396
420, 606
-40, 321
6, 449
23, 636
-87, 674
-14, 208
-37, -327
217, 21
242, 817
-256, 936
-128, 783
197, 295
-40, -313
-495, -388
-340, -437
55, -374
191, 12
195, 624
240, 391
-310, -197
-393, -16
-180, 219
-517, -32
-606, -166
-367, 326
-209, 195
-249, -76
-138, 159
-80, 177
-13, -470
74, -274
-444, 76
-412, 32
35, -31
244, -96
40, -54
-126, 91
-169, -22
-63, -287
-22, -316
-123, -100
-88, 28
-89, -85
-105, -104
-52, -127
-16, -35
16, -63
13, -62
-393, -198
-445, -171
-143, -232
-37, -401
-100, -152
37, 35
299, 317
26, 302
70, -137
286, -217
81, -34
-276, -44
-270, -189
-98, -223
12, -70
119, 24
93, 127
-10, 153
-111, 14
-192, 58
-338, -96
31, -164
368, -11
137, 178
-71, 81
81, -59
324, -105
149, -1
-127, 253
-40, 201
80, -46
52, -107
-144, 13
-140, 144
-8, 30
223, 35
190, 168
-216, 228
-222, 43
-171, 32
30, 55
-28, 132
18, 79
222, -60
-7, 27
-137, 53
-156, 207
-202, 154
-209, -88
-83, -202
379, -362
557, -451
224, -257
75, -20
-118, 222
-171, 108
-67, -140
276, -406
204, -193
-283, -285
-391, -582
-321, -289
-278, -91
26, -70
312, -98
